1 2.94371e-07 2.94371e-07 0
2 4.55742e-07 4.55742e-07 0
3 1.47339e-07 1.47339e-07 0
4 8.36781e-08 8.36781e-08 0
5 0 0 3.34713e-09
6 4.22187e-08 4.22187e-08 0
7 6.52166e-08 6.52166e-08 0
8 -2.24768 0 1
9 -3 0 1
10 -3 0 1
11 -3 0 1
12 0.596891 0.740767 0
13 0.498604 0.498604 0
14 -1.23889 0 1
15 -1.4169 0 1
16 0.217796 0.217796 0
17 0.423431 0.431656 0
18 -0.939274 0 0.939274
19 -1.07502 0 1
20 0.341751 0.341751 0
21 0.747298 0.76352 0
22 -1.23517 0 1
23 -2.08841 0 1
24 -0.447995 0 0.382378
25 0.683142 0.683142 0
26 -0.572469 0 0.622693
27 -1.1168 0 1
28 -0.0760776 0 0.0760776
29 0.809374 0.844792 0
30 -1.53138 0 1
31 -2.36587 0 1
32 -0.519304 0 0.519304
33 0.623692 0.623692 0
34 -0.683693 0 0.735988
35 -1.16298 0 1
36 -2.99902 0 1
37 -2.9977 0 1
38 -2.98897 0 1
39 -2.99658 0 1
40 -2.99615 0 1
41 -2.99649 0 1
42 -2.98983 0 1
43 -2.0523 0 1
44 -1 0 1
45 -0.996963 0 0.996963
46 -0.996852 0 0.996848
47 -0.996468 0 0.996468
48 -0.990122 0 0.989868
49 -0.996441 0 0.996441
50 -0.996721 0 0.996733
51 -0.996221 0 0.996221
52 -0.996782 0 0.996805
53 -0.98655 0 0.98655
54 0.00331194 0.00331194 0
55 0.00142697 0.00142697 0
56 0 0 0
57 0 0 0
58 0 0 0
